0	110	0.030235245
0	48	0.049202482
0	282	0.031952199
0	176	0.097689788
0	71	0.073181715
0	55	0.010071021
0	47	0.14456085
0	136	0.076212782
0	151	0.015261811
0	50	0.19569679
0	67	0.210487881
0	155	0.051064068
0	40	0.228237722
0	19	0.405104366
0	302	0.02462298
0	122	0.084376963
0	61	0.165173612
0	21	0.393093676
0	100	0.123926793
0	118	0.109833575
0	138	0.077828581
0	157	0.01919572
0	89	0.162872362
0	37	0.149410025
0	11	0.292739282
0	46	0.158856819
0	81	0.057281037
0	120	0.016138034
0	128	0.036861267
0	206	0.061900841
0	17	0.223223951
0	172	0.116501744
0	45	0.023913128
0	78	0.189363582
0	25	0.320880465
0	5	0.359173413
0	2	0.670280995
0	235	0.05217676
0	85	0.024134957
0	7	0.325134694
0	181	0.008624698
0	63	0.045215777
0	149	0.032175358
0	16	0.491223128
0	143	0.00568325
0	183	0.049719786
0	30	0.53021528
0	225	0.023118982
0	126	0.072493159
0	127	0.026495214
0	202	0.063989136
0	133	0.099391213
0	84	0.02989141
0	76	0.242750196
0	87	0.14270725
0	223	0.031746785
0	38	0.223073551
0	95	0.024134957
0	106	0.133211653
0	239	0.021517379
0	27	0.458384502
0	10	0.28943581
0	91	0.061259756
0	154	0.042908316
0	44	0.157803577
0	83	0.027670906
0	174	0.00047915
0	92	0.126416598
0	54	0.381808365
0	28	0.088715488
0	8	0.218420917
0	3	0.301517929
0	102	0.095759435
0	15	0.539674054
0	77	0.109467558
0	398	0.004148196
0	228	0.014374496
0	32	0.256127795
0	260	0.037556921
0	18	0.67454321
0	93	0.030745451
0	23	0.246586501
0	275	0.019299092
0	36	0.307655484
0	161	0.083742977
0	70	0.058967379
0	29	0.461007847
0	51	0.159854161
0	173	0.115927652
0	115	0.051495303
0	189	0.031487246
0	130	0.145657571
0	6	0.341791364
0	39	0.379993363
0	103	0.089812209
0	34	0.048722888
0	68	0.069913735
0	65	0.05513063
0	52	0.045758814
0	1	0.547610639
0	64	0.215705291
0	230	0.006732499
0	56	0.247999993
0	33	0.087544676
0	179	0.085187081
0	139	0.096038052
0	14	0.474576219
0	4	0.273786686
0	152	0.024068408
0	20	0.297429183
0	96	0.208554423
0	109	0.002049697
0	53	0.121972926
0	94	0.045832017
0	41	0.34685793
0	73	0.167761465
0	131	0.036832429
0	75	0.078417315
0	60	0.301811187
0	26	0.168642125
0	49	0.1549096
0	86	0.287139883
0	117	0.024223688
0	62	0.153921576
0	13	0.149383849
0	12	0.18605035
0	129	0.06061734
0	35	0.056938978
0	22	0.25531324
0	43	0.069149314
0	42	0.084809529
0	111	0.160408289
0	9	0.248832294
0	177	0.016193491
0	80	0.048299639
0	98	0.159691339
0	132	0.046357751
0	24	0.547586238
0	146	0.070589425
0	66	0.089829955
0	69	0.051062737
0	90	0.136445471
0	298	0.025707722
0	135	0.135396665
0	116	0.040040071
1	110	0.02415714
1	48	0.037384782
1	71	0.098775861
1	263	0.011468097
1	55	0.041634575
1	142	0.074914197
1	47	0.163628797
1	151	0.024134957
1	141	0.062234471
1	50	0.266884709
1	67	0.00511315
1	155	0.037837313
1	40	0.10108421
1	72	0.024130964
1	19	0.515551963
1	122	0.004694782
1	99	0.052690072
1	61	0.155229034
1	21	0.305001083
1	100	0.023957494
1	118	0.023802214
1	138	0.017126059
1	89	0.025144277
1	105	0.126921036
1	37	0.254765767
1	11	0.265155333
1	46	0.248835843
1	199	0.037307142
1	81	0.04337593
1	128	0.024134957
1	17	0.302691846
1	182	0.02904225
1	78	0.101248363
1	264	0.022844358
1	25	0.41040962
1	5	0.630138882
1	2	0.547262368
1	171	0.019593237
1	85	0.157135873
1	7	0.457106769
1	181	0.011323909
1	63	0.05208093
1	149	0.032706416
1	16	0.548180295
1	153	0.02415714
1	30	0.187055677
1	134	0.032005437
1	127	0.05969542
1	74	0.023117651
1	119	0.082735875
1	84	0.167267231
1	76	0.050399025
1	87	0.046604868
1	213	0.007319458
1	31	0.033520527
1	95	0.154015631
1	106	0.014254709
1	27	0.285560907
1	10	0.34998039
1	91	0.048472665
1	372	0.007991155
1	44	0.231385471
1	174	0.010307046
1	54	0.032187337
1	28	0.019290663
1	137	0.030449975
1	8	0.423410997
1	3	0.816307245
1	102	0.023890058
1	15	0.639760922
1	97	0.022863879
1	163	0.034706867
1	191	0.026588826
1	150	0.040084437
1	32	0.270010275
1	18	0.304429652
1	93	0.112015038
1	36	0.118751531
1	70	0.110202698
1	29	0.308084501
1	51	0.141031113
1	273	0.00630925
1	115	0.049906122
1	227	0.005922825
1	88	0.143613642
1	6	0.573399994
1	39	0.122981359
1	233	0.004778633
1	103	0.015539541
1	34	0.071920397
1	68	0.076860965
1	65	0.15090515
1	52	0.000101154
1	64	0.055647048
1	230	0.006075443
1	427	0.005015546
1	56	0.05274686
1	33	0.199207451
1	14	0.539387451
1	4	0.375570987
1	152	0.057515732
1	20	0.297087567
1	109	0.028501432
1	53	0.192835201
1	94	0.038967751
1	41	0.156666483
1	73	0.100841529
1	57	0.047284995
1	131	0.023757848
1	75	0.163172274
1	166	0.055465592
1	60	0.098241697
1	26	0.259469865
1	49	0.121199188
1	86	0.024844809
1	117	0.053301875
1	62	0.082962584
1	13	0.367763949
1	12	0.62281765
1	124	0.031211291
1	35	0.246463164
1	22	0.185980696
1	43	0.087920454
1	42	0.224482163
1	193	0.022116316
1	9	0.361515036
1	177	0.039408747
1	80	0.125715619
1	132	0.039174052
1	24	0.207972788
1	66	0.109952475
1	69	0.068282851
1	164	0.058611566
1	90	0.046391469
1	116	0.052090691
2	257	0.040135014
2	48	0.163275646
2	272	0.036059134
2	208	0.014480974
2	113	0.07357169
2	55	0.00741795
2	47	0.313336072
2	50	0.080735868
2	67	0.065683907
2	40	0.157746345
2	72	0.012562156
2	19	0.278021395
2	250	0.005784848
2	122	0.059633308
2	61	0.011303057
2	59	0.067533514
2	489	0.006938356
2	21	0.148733003
2	100	0.024046226
2	89	0.024090591
2	105	0.023839481
2	37	0.087950179
2	218	0.03285371
2	11	0.17062616
2	46	0.096706643
2	81	0.131343856
2	120	0.072140451
2	17	0.173273463
2	78	0.035682913
2	25	0.22671864
2	5	0.5104397
2	212	0.006371806
2	85	0.041840432
2	7	0.205219894
2	181	0.022331934
2	387	0.007083432
2	63	0.167008135
2	16	0.230551395
2	112	0.036170492
2	30	0.202072146
2	219	0.042070247
2	127	0.015549745
2	316	0.021170883
2	84	0.021767158
2	76	0.052415448
2	87	0.024466813
2	289	0.007105615
2	213	0.009526209
2	31	0.066030847
2	360	0.00698361
2	38	0.102267887
2	123	0.00047915
2	106	0.067338748
2	27	0.177261942
2	10	0.374647736
2	91	0.1107027
2	253	0.000678796
2	201	0.066928365
2	44	0.121926342
2	174	0.016787992
2	92	0.052663009
2	54	0.120016398
2	28	0.066167049
2	8	0.439266422
2	276	0.034988145
2	3	0.459818846
2	104	0.07728732
2	180	0.021397591
2	15	0.362944944
2	97	0.080220782
2	77	0.141457024
2	240	0.025844812
2	107	0.055663463
2	32	0.242008401
2	18	0.280866569
2	23	0.171484193
2	36	0.160496577
2	162	0.044880816
2	161	0.01688116
2	29	0.269304416
2	51	0.074690593
2	189	0.025051553
2	130	0.02415714
2	88	0.005955212
2	6	0.226318461
2	39	0.184398614
2	233	0.005558139
2	34	0.130961423
2	58	0.033520527
2	68	0.145785344
2	65	0.066782846
2	52	0.160529851
2	64	0.060093381
2	56	0.093723935
2	33	0.1447707
2	14	0.24256386
2	4	0.385826125
2	20	0.137532875
2	439	0.003143756
2	96	0.024179323
2	109	0.04272331
2	41	0.171176739
2	73	0.06029347
2	57	0.04761685
2	60	0.010244491
2	26	0.257834544
2	49	0.317878236
2	86	0.036836865
2	62	0.060814324
2	13	0.268964131
2	12	0.33166533
2	124	0.043442479
2	129	0.091639633
2	35	0.166117715
2	279	0.032168703
2	22	0.19968172
2	43	0.095405396
2	42	0.228422284
2	283	0.031542703
2	9	0.246180111
2	98	0.01610476
2	24	0.218318876
2	66	0.153765408
2	69	0.167808493
2	255	0.041761018
2	254	0.042937597
2	90	0.033907396
2	135	0.006111379
2	377	0.004130449
2	116	0.110367295
3	48	0.140681955
3	55	0.019242304
3	167	0.00433675
3	47	0.063964291
3	214	0.027431331
3	40	0.086958605
3	72	0.016670423
3	19	0.231181388
3	21	0.075090772
3	147	4.43657E-05
3	258	0.027431331
3	37	0.067747357
3	11	0.103004358
3	46	0.019700602
3	81	0.059386191
3	17	0.126785277
3	5	0.517856319
3	7	0.206078371
3	181	0.000546586
3	63	0.094359252
3	144	0.014230308
3	16	0.30913375
3	112	0.09592625
3	30	0.054580495
3	31	0.673182957
3	38	0.023401148
3	27	0.29566254
3	10	0.258899765
3	44	0.035393648
3	351	0.014866956
3	368	0.013642462
3	28	0.623220934
3	82	0.090215493
3	8	1
3	79	0.049172313
3	32	0.131392658
3	18	0.124414816
3	23	0.189609812
3	36	0.079986531
3	160	0.008085654
3	29	0.192817455
3	51	0.02986346
3	175	0.066291273
3	6	0.22582467
3	39	0.069920834
3	34	0.542739282
3	58	0.235936064
3	52	0.03741362
3	310	0.023019159
3	33	0.210167117
3	14	0.173578256
3	4	0.695243373
3	20	0.110285218
3	109	0.089057991
3	57	0.135740943
3	26	0.252287941
3	49	0.022591917
3	125	0.099448889
3	185	0.069023315
3	13	0.447053494
3	12	0.588688425
3	35	0.485051855
3	22	0.358705355
3	43	0.233897015
3	296	0.027431331
3	42	0.038161626
3	9	0.2063002
3	220	0.000497783
3	24	0.048513926
3	66	0.014079021
3	69	0.13913226
3	447	0.002555466
3	251	0.019325712
4	48	0.415021438
4	167	0.011654877
4	47	0.163865267
4	50	0.01786253
4	214	0.030610579
4	67	0.022185083
4	121	0.002850498
4	40	0.065427473
4	72	0.045080905
4	19	0.053221573
4	61	0.022185083
4	59	0.225549603
4	21	0.189583636
4	258	0.012886026
4	37	0.09277229
4	11	0.039179376
4	46	0.108351316
4	81	0.050827598
4	17	0.07739779
4	25	0.043337776
4	5	0.426881284
4	212	0.021929537
4	85	0.038595967
4	7	0.205884049
4	63	0.265694821
4	144	0.019154904
4	16	0.162343078
4	112	0.039745039
4	294	0.027633195
4	30	0.024290237
4	269	0.006052373
4	74	0.036927815
4	200	0.020502735
4	31	0.01845082
4	38	0.116789678
4	27	0.027957508
4	10	0.234696929
4	91	0.032431348
4	253	0.00724936
4	44	0.094250113
4	28	0.115430756
4	8	0.70721857
4	97	0.076829465
4	77	0.022101676
4	32	0.184024611
4	18	0.063277953
4	23	0.180285467
4	36	0.024103457
4	160	0.003970733
4	29	0.021175763
4	51	0.06904328
4	175	0.019410007
4	6	0.292516123
4	39	0.067509113
4	233	0.00540064
4	34	0.23661131
4	58	0.010083443
4	68	0.066241584
4	65	0.127831865
4	52	0.393666881
4	33	0.231393457
4	420	0.007358944
4	14	0.124136643
4	20	0.080058403
4	397	0.005639328
4	109	0.040452229
4	53	0.044339554
4	41	0.046613741
4	57	0.16611594
4	26	0.49322136
4	49	0.138973874
4	125	0.038664734
4	185	0.014110964
4	343	0.015306177
4	62	0.022185083
4	13	0.336557539
4	12	0.251290599
4	35	0.255863819
4	22	0.311198531
4	43	0.252179688
4	42	0.245444971
4	9	0.29042694
4	328	0.005072334
4	24	0.056688755
4	66	0.063697653
4	69	0.202975876
4	251	0.025011624
5	48	0.176065399
5	438	0.004724507
5	469	0.007881572
5	113	0.010920181
5	55	0.008848301
5	167	0.113679197
5	47	0.105409868
5	50	0.000726711
5	474	0.007822565
5	121	0.059903496
5	198	0.016279561
5	40	0.01610476
5	72	0.103494156
5	19	0.159278737
5	59	0.038708212
5	21	0.169753043
5	147	0.031591949
5	464	0.00330436
5	485	0.007582103
5	105	0.02687321
5	37	0.077022013
5	11	0.068107606
5	46	0.031965952
5	459	0.005200995
5	321	0.002136654
5	81	0.138428619
5	237	0.026213491
5	17	0.101933813
5	315	0.02185722
5	25	0.022004071
5	388	0.005980057
5	212	0.03354271
5	85	0.059254869
5	7	0.17672423
5	384	0.00823561
5	181	0.031468612
5	63	0.016149126
5	144	0.016384264
5	16	0.197434152
5	153	0.02185234
5	112	0.020874076
5	30	0.050867971
5	269	0.009175277
5	134	0.040428271
5	376	0.009756911
5	339	0.008252469
5	74	0.064393308
5	200	0.037771208
5	289	0.021835925
5	213	0.036165612
5	31	0.012157097
5	408	0.005647757
5	27	0.247580737
5	10	0.31811293
5	91	0.062995787
5	186	0.001558124
5	253	0.009183706
5	44	0.092795804
5	174	0.040822239
5	28	0.02638563
5	82	0.000250223
5	416	0.009634906
5	8	0.316475835
5	371	0.008281751
5	363	0.005647757
5	15	0.20679399
5	163	0.028675346
5	32	0.248464946
5	389	0.007826558
5	18	0.116871755
5	23	0.177671882
5	36	0.059249988
5	29	0.098050481
5	51	0.064760212
5	115	0.015993846
5	88	0.037688687
5	145	0.025461492
5	6	0.360118847
5	39	0.107705351
5	233	0.030330631
5	34	0.112831811
5	68	0.092689326
5	65	0.167595981
5	52	0.103004358
5	33	0.228347749
5	14	0.148874974
5	152	0.014474319
5	346	0.005230276
5	20	0.081347671
5	159	0.015339451
5	109	0.001264423
5	476	0.007797277
5	168	0.050868415
5	345	0.0090617
5	429	0.008353623
5	57	0.100068234
5	60	0.00415352
5	338	0.016024458
5	26	0.224289616
5	49	0.05462353
5	125	0.030789816
5	13	0.373752436
5	12	0.427059635
5	124	0.024977906
5	403	0.00977377
5	35	0.18285513
5	22	0.339061097
5	43	0.150896276
5	42	0.135325236
5	9	0.236190279
5	328	0.012968546
5	24	0.060639967
5	66	0.06006898
5	69	0.073970538
5	477	0.00779284
5	377	0.002770196
5	445	0.001399295
6	48	0.051151912
6	262	0.022050655
6	71	0.001464069
6	263	0.020823943
6	55	0.097144089
6	167	0.008858505
6	142	0.032174915
6	323	0.007836319
6	47	0.038908745
6	141	0.018092345
6	50	0.059118666
6	121	0.052499743
6	198	0.072803275
6	270	0.024189083
6	425	0.005040834
6	155	0.005837643
6	40	0.059248214
6	72	0.058359125
6	19	0.180235334
6	287	0.019677532
6	61	0.028668691
6	21	0.105213328
6	147	0.048844894
6	105	0.067927482
6	37	0.11968676
6	11	0.08902028
6	46	0.076570369
6	274	0.015906445
6	81	0.042410088
6	17	0.176304974
6	182	0.04705873
6	78	0.021076827
6	264	0.015627385
6	25	0.133327447
6	171	0.110047862
6	85	0.084885838
6	7	0.372519956
6	271	0.021615871
6	181	0.009553716
6	16	0.16824239
6	108	0.008004465
6	153	0.127204533
6	170	0.01339845
6	30	0.029217939
6	126	0.026174006
6	134	0.112525688
6	74	0.061582295
6	207	0.070572566
6	406	7.54217E-06
6	119	0.085290897
6	84	0.081887158
6	158	0.028216604
6	213	0.007288402
6	358	0.003077207
6	31	0.054379075
6	95	0.024487665
6	123	0.000878441
6	27	0.070073896
6	10	0.175085803
6	91	0.016171309
6	253	0.003553695
6	44	0.098390323
6	320	0.008311476
6	426	0.005032405
6	174	0.005803925
6	54	0.0206101
6	28	0.028283153
6	341	0.007991155
6	137	0.03126941
6	8	0.177247302
6	15	0.167094204
6	163	0.040539629
6	191	0.064305463
6	150	0.025268501
6	32	0.113278574
6	18	0.146831488
6	284	0.015891361
6	23	0.264857639
6	36	0.171202471
6	29	0.053978452
6	51	0.175101775
6	115	0.03082176
6	243	0.048572488
6	88	0.105771893
6	145	0.035803144
6	39	0.043139461
6	68	0.023106559
6	65	0.132007123
6	52	0.04225747
6	33	0.125748006
6	14	0.15839719
6	152	0.014043528
6	346	0.00010559
6	20	0.12916816
6	96	0.001038158
6	109	0.016935286
6	53	0.038191351
6	94	0.000399292
6	168	0.062887091
6	41	0.055827172
6	293	0.009005356
6	73	0.008163294
6	57	0.041441141
6	166	0.0880012
6	60	0.050290773
6	26	0.109855314
6	49	0.038575115
6	117	0.013595434
6	62	0.038912738
6	13	0.244621986
6	12	0.182939425
6	124	7.54217E-05
6	35	0.062846718
6	22	0.122869558
6	43	0.069231834
6	42	0.065802363
6	267	0.024323511
6	9	0.242202723
6	231	0.051636386
6	24	0.07799584
6	66	0.023158911
6	69	0.025098581
6	164	0.015468555
6	90	0.001452978
7	110	0.046058282
7	140	0.016535995
7	71	0.066350724
7	55	0.01781639
7	297	0.013711672
7	142	0.028381201
7	141	0.078385815
7	50	0.079997622
7	187	0.015257818
7	67	0.042310266
7	155	0.018155344
7	40	0.160148306
7	19	0.181802775
7	99	0.024024043
7	61	0.0820451
7	21	0.170135475
7	147	0.002083415
7	118	0.032530728
7	89	0.023447288
7	105	0.012500044
7	37	0.13291041
7	11	0.14968731
7	46	0.108090446
7	199	0.020499629
7	128	0.017663772
7	17	0.157420701
7	182	0.022577276
7	78	0.064791712
7	25	0.152938875
7	85	0.02497835
7	181	0.000860695
7	205	0.0216243
7	188	0.035458866
7	149	0.024363884
7	16	0.247112678
7	30	0.127201871
7	126	0.101771435
7	127	0.058458948
7	119	0.069702554
7	84	0.152633638
7	76	0.052495306
7	87	0.041559597
7	31	0.009973416
7	95	0.044600424
7	27	0.101434699
7	10	0.194812581
7	44	0.142199706
7	54	0.05369185
7	28	0.039962431
7	418	0.009736947
7	137	0.10389611
7	8	0.18915462
7	102	0.049984206
7	15	0.289796947
7	77	0.014119394
7	150	0.112449822
7	32	0.076915091
7	18	0.24231275
7	93	0.051202489
7	23	0.281951311
7	36	0.168595097
7	70	0.08989118
7	29	0.093993679
7	51	0.14111452
7	273	0.022882956
7	115	0.015726764
7	227	0.021389606
7	88	0.07936541
7	39	0.048965569
7	103	0.030971716
7	34	0.026023162
7	65	0.01532836
7	64	0.056455391
7	56	0.061678125
7	33	0.043309825
7	14	0.224318897
7	152	0.012655768
7	20	0.128718735
7	313	0.021672215
7	96	0.000532389
7	53	0.082059741
7	94	0.029947755
7	41	0.070946126
7	73	0.053237988
7	57	0.000660162
7	131	0.020559966
7	75	0.058532595
7	60	0.118069186
7	26	0.053213587
7	49	0.010122485
7	86	0.017131383
7	117	0.068026861
7	190	0.016004493
7	62	0.064502004
7	13	0.137452129
7	12	0.102546061
7	124	0.000332743
7	35	0.040617713
7	42	0.02377382
7	111	0.015870509
7	9	0.308871549
7	80	0.062161711
7	132	0.03897485
7	24	0.185907936
7	164	0.072848085
7	90	0.038510341
7	433	0.002194773
8	48	0.121495107
8	71	0.022185083
8	113	0.022185083
8	47	0.064124008
8	50	0.004852724
8	67	0.022185083
8	40	0.066468293
8	72	0.044226865
8	19	0.046041867
8	61	0.022185083
8	59	0.256587424
8	21	0.102854846
8	37	0.09805758
8	11	0.036156739
8	46	0.089447079
8	81	0.020969019
8	17	0.108042974
8	25	0.018667768
8	63	0.043700244
8	16	0.22899682
8	112	0.031284494
8	30	0.023818629
8	356	0.012190815
8	38	0.087309094
8	27	0.047384818
8	10	0.174381276
8	253	0.000559008
8	44	0.078419533
8	28	0.212979904
8	104	0.022091471
8	97	0.019621188
8	77	0.022185083
8	107	0.022041782
8	32	0.137198357
8	18	0.023658025
8	23	0.202443043
8	36	0.023966367
8	29	0.066768205
8	51	0.025142946
8	39	0.022124302
8	34	0.256176153
8	68	0.001884213
8	65	0.064214957
8	52	0.224634338
8	64	0.022185083
8	33	0.152076405
8	14	0.158041377
8	20	0.065392424
8	159	2.83941E-05
8	109	0.009662856
8	41	0.009406422
8	57	0.256339863
8	26	0.302287231
8	49	0.086498532
8	125	0.003393978
8	62	0.022185083
8	13	0.308121768
8	12	0.433553003
8	35	0.235092227
8	22	0.33247323
8	43	0.191773085
8	42	0.191071663
8	9	0.138646455
8	24	0.044690043
8	66	0.022185083
8	69	0.082976781
9	48	0.114669883
9	263	0.006515995
9	55	0.014530664
9	47	0.07326113
9	50	0.076187493
9	67	0.022185083
9	155	0.045889249
9	40	0.071797504
9	19	0.110715122
9	458	0.00823561
9	21	0.185834732
9	457	0.008264892
9	105	0.069298383
9	37	0.203527785
9	11	0.153710838
9	46	0.159102162
9	199	0.029386972
9	81	0.051485542
9	319	0.019865199
9	17	0.084555313
9	78	0.053441183
9	25	0.125110027
9	472	0.007861164
9	85	0.091220821
9	149	0.019839467
9	16	0.148510731
9	30	0.094002552
9	134	0.034971286
9	219	0.002573212
9	127	0.010891787
9	84	0.019386049
9	31	0.035874129
9	38	0.175743303
9	27	0.078451476
9	10	0.115937856
9	91	0.084663566
9	44	0.120538582
9	54	0.064914161
9	28	0.053196728
9	301	0.016815943
9	418	0.000678352
9	102	0.00468369
9	15	0.15331199
9	77	0.175759275
9	163	0.042903435
9	32	0.328711903
9	18	0.228582444
9	23	0.268288885
9	36	0.074750487
9	29	0.090625876
9	51	0.055884848
9	468	0.007893994
9	115	0.121455178
9	88	0.029263635
9	39	0.085071731
9	399	0.011270226
9	58	0.034863478
9	68	0.160064011
9	65	0.131108717
9	52	0.028189097
9	64	0.053672329
9	470	0.007877135
9	300	0.00824404
9	33	0.064001558
9	14	0.156346606
9	152	0.04766166
9	20	0.103943137
9	41	0.076840113
9	73	0.042182936
9	60	0.056427884
9	26	0.091459065
9	49	0.105542078
9	117	0.032630107
9	62	0.158462852
9	13	0.130353169
9	12	0.117612662
9	124	0.120519949
9	129	0.019166883
9	35	0.04367673
9	22	0.108806509
9	43	0.059468712
9	42	0.082200824
9	193	0.034977498
9	231	0.003442781
9	24	0.122825192
9	66	0.185496222
9	90	0.004677923
9	318	0.008231174
9	116	0.032144302
10	48	0.090866338
10	208	0.028721042
10	113	0.029302677
10	55	0.009763566
10	47	0.21225763
10	67	0.050490862
10	40	0.051950495
10	19	0.096455533
10	250	0.038764113
10	252	0.044054726
10	122	0.055062751
10	21	0.132831882
10	100	0.01308789
10	89	0.013431725
10	37	0.134333662
10	218	0.032291596
10	11	0.102164072
10	46	0.058913253
10	81	0.041998818
10	120	0.079085906
10	128	0.002724943
10	17	0.058671016
10	45	0.167550728
10	78	0.011441478
10	25	0.128715186
10	212	0.006344299
10	85	0.007018215
10	277	0.034554249
10	181	0.009334993
10	63	0.072405758
10	16	0.255386
10	30	0.128259107
10	133	0.036751683
10	76	0.019384718
10	87	0.014950364
10	289	0.001032834
10	213	0.00880571
10	31	0.077202137
10	123	0.036217076
10	106	0.02064648
10	27	0.092398731
10	91	0.019662004
10	253	0.000638867
10	201	0.019248516
10	44	0.068182584
10	174	0.000715176
10	92	0.019930417
10	54	0.055809426
10	28	0.016106535
10	104	0.030654501
10	268	0.036479278
10	102	0.01141619
10	180	0.061605365
10	15	0.171618622
10	77	0.030253435
10	240	0.023847911
10	107	0.037917171
10	32	0.075897341
10	18	0.158371902
10	36	0.115208927
10	162	0.107953356
10	29	0.18015237
10	51	0.021118975
10	189	0.017929522
10	130	0.023140721
10	39	0.258187252
10	233	0.006854505
10	34	0.065016646
10	68	0.077542866
10	65	0.042185598
10	52	0.043435824
10	64	0.019015595
10	56	0.04628366
10	33	0.053203383
10	14	0.152891847
10	20	0.109594
10	96	0.050852443
10	109	0.004358933
10	41	0.061826306
10	73	0.002395749
10	57	0.027197967
10	60	0.033806242
10	26	0.127952983
10	49	0.21929714
10	86	0.003726721
10	62	0.037493035
10	13	0.131364264
10	12	0.166511239
10	129	0.038247252
10	35	0.058671016
10	22	0.09727763
10	43	0.046738853
10	42	0.077263806
10	24	0.131181921
10	66	0.085457712
10	69	0.04935022
10	90	0.015197481
10	337	0.016575037
10	116	0.004685021
11	110	0.02024009
11	176	0.02439006
11	480	0.00775513
11	71	0.043259692
11	136	0.091491452
11	50	0.100891219
11	67	0.087702618
11	40	0.097437347
11	19	0.213009185
11	122	0.023158911
11	61	0.06139729
11	21	0.22730338
11	100	0.07085207
11	118	0.008819463
11	138	0.049967347
11	157	0.038732169
11	89	0.139020458
11	37	0.100898317
11	46	0.084912458
11	128	0.031042701
11	206	0.016563058
11	17	0.073264235
11	78	0.043654991
11	25	0.199079677
11	236	0.051143482
11	16	0.203362745
11	183	0.062828972
11	30	0.155628325
11	225	0.035540055
11	202	0.022010282
11	76	0.148396711
11	87	0.06582499
11	234	0.052602671
11	106	0.03817671
11	239	0.008724521
11	27	0.098519871
11	154	0.128032398
11	44	0.102566469
11	92	0.02338074
11	54	0.138510696
11	102	0.023488548
11	15	0.22051143
11	77	0.023735665
11	398	0.003000898
11	228	0.013428175
11	32	0.083056639
11	18	0.2001063
11	93	0.036645205
11	23	0.047804074
11	36	0.113385496
11	161	0.026055993
11	70	0.043229967
11	29	0.124232917
11	51	0.050977554
11	130	0.023114545
11	39	0.100952443
11	103	0.138480971
11	295	0.027406042
11	64	0.122606913
11	56	0.125199202
11	292	0.02847082
11	139	0.02733417
11	14	0.227810037
11	20	0.21527938
11	96	0.072938591
11	53	0.093988355
11	41	0.175789887
11	73	0.14724409
11	131	0.05686045
11	75	0.042213105
11	60	0.116591363
11	26	0.037519654
11	86	0.117259067
11	62	0.052591136
11	13	0.04380894
11	12	0.078950591
11	111	0.044728641
11	80	0.044157211
11	98	0.018138929
11	24	0.155587065
11	146	0.047158109
11	90	0.059812546
11	116	0.021938853
12	209	0.042078676
12	55	0.012351419
12	167	0.000716507
12	214	0.012950357
12	72	0.040381244
12	19	0.207266929
12	59	0.126003553
12	21	0.05805167
12	367	0.004831428
12	333	0.017755165
12	37	0.037863488
12	17	0.078359639
12	181	0.007808368
12	144	0.068218521
12	16	0.226997256
12	112	0.046484193
12	31	0.338503863
12	27	0.224234602
12	253	0.001277733
12	28	0.439114247
12	82	0.056925668
12	79	0.036558249
12	32	0.01683014
12	18	0.028624769
12	23	0.113931194
12	36	0.029886087
12	160	0.067969629
12	29	0.122167248
12	51	0.012223646
12	324	0.019312402
12	175	0.041166961
12	39	0.022428207
12	58	0.137283096
12	33	0.281305346
12	14	0.152970374
12	20	0.092711953
12	109	0.056411025
12	242	0.032322652
12	197	0.014494284
12	57	0.086097466
12	26	0.215292246
12	125	0.045610189
12	185	0.023205495
12	62	7.23161E-05
12	13	0.413628797
12	22	0.189295259
12	43	0.070687917
12	42	0.210912017
12	69	0.000447207
12	305	0.000124224
13	48	0.02212164
13	309	0.023063525
13	55	0.429472243
13	481	0.00016859
13	121	0.026262294
13	244	0.047914545
13	40	0.022185083
13	72	0.136664194
13	19	0.0331097
13	224	0.009075897
13	59	0.083145814
13	21	0.006225843
13	147	0.02033592
13	311	0.022997863
13	17	0.068127127
13	25	0.019378951
13	288	0.030532495
13	144	0.034142091
13	16	0.142891812
13	108	0.045548076
13	112	0.015008926
13	170	0.022649149
13	74	0.410118137
13	158	0.020627402
13	194	0.009779981
13	31	0.126077644
13	27	0.106876599
13	253	0.002435679
13	28	0.116341141
13	114	0.076715002
13	148	0.076812163
13	97	0.005401528
13	222	0.020992089
13	32	0.026353687
13	23	0.090164473
13	36	0.038588424
13	160	0.019225445
13	29	0.002825653
13	145	0.033106595
13	437	0.007009785
13	34	0.302279245
13	58	0.030649621
13	52	0.089952404
13	33	0.271903361
13	14	0.05677305
13	226	0.000239575
13	20	0.07566797
13	159	0.058075184
13	109	0.032528066
13	248	0.025258741
13	197	0.019583477
13	57	0.133310589
13	26	0.177461144
13	343	0.000239575
13	203	0.009000032
13	35	0.237932521
13	22	0.230570916
13	43	0.206010492
13	42	0.161965526
13	220	0.015402007
13	69	0.0444762
13	245	0.046641248
14	110	0.037492591
14	178	0.001231149
14	140	0.00823561
14	71	0.10434376
14	151	0.048374617
14	50	0.142458802
14	217	0.019461471
14	187	0.030080852
14	156	0.008995595
14	67	0.014241399
14	40	0.044949139
14	19	0.369844702
14	99	0.072235838
14	61	0.105519895
14	21	0.115886392
14	100	0.019281346
14	157	0.016947265
14	89	0.010131802
14	37	0.071835659
14	46	0.101398763
14	128	0.01311451
14	17	0.148799552
14	78	0.015443267
14	25	0.098110818
14	205	0.020602114
14	16	0.000938779
14	30	0.178704716
14	452	0.008496925
14	76	0.057620879
14	87	0.019990754
14	95	0.035080426
14	304	0.02437675
14	27	0.058108015
14	44	0.078905781
14	285	0.005719186
14	83	0.036783183
14	210	0.013386028
14	54	0.082269147
14	28	0.00882878
14	380	0.002402404
14	102	0.004554586
14	15	0.072325456
14	228	0.00509851
14	32	0.055690526
14	18	0.286169605
14	93	0.049935403
14	23	0.08904202
14	36	0.040239717
14	70	0.11078522
14	29	0.159812901
14	51	0.049275241
14	39	0.043890573
14	241	0.001231149
14	64	0.094059784
14	230	0.016923308
14	56	0.060759754
14	139	0.031339064
14	20	0.271103447
14	53	0.125571874
14	94	0.078209683
14	322	0.006136668
14	41	0.130538618
14	73	0.096230599
14	131	0.017447267
14	75	0.099689351
14	60	0.033880777
14	26	0.044052064
14	238	0.040264118
14	190	0.024705057
14	62	0.017669983
14	22	0.04923265
14	177	0.022997863
14	80	0.090887634
14	24	0.17591145
14	90	0.008433482
15	178	0.013159319
15	71	0.022925991
15	217	0.005870473
15	156	0.009917959
15	67	0.016171309
15	40	0.059818757
15	19	0.726749252
15	99	0.026929111
15	61	0.076877824
15	21	0.045133701
15	100	0.010383355
15	157	0.012870942
15	89	0.025757855
15	37	0.110271021
15	46	0.098047376
15	17	0.167335554
15	78	0.018873625
15	25	0.688121342
15	181	0.001249339
15	30	0.298055628
15	76	0.062025509
15	87	0.021425098
15	38	0.041864834
15	211	0.005769763
15	27	0.067825884
15	44	0.077245172
15	210	0.023769383
15	54	0.022604339
15	380	0.007940578
15	32	0.069649759
15	18	0.222922708
15	93	0.012713444
15	23	0.197655981
15	36	0.072975414
15	70	0.033090623
15	29	0.207987429
15	51	0.061525507
15	39	0.024920674
15	241	0.006158851
15	103	0.03881469
15	64	0.049496183
15	56	0.124333627
15	139	0.031352374
15	20	0.177852894
15	53	0.041712215
15	94	0.050359984
15	41	0.161409623
15	73	0.063824539
15	131	0.00232299
15	75	0.052188739
15	60	0.017946825
15	86	0.017347
15	62	0.014729422
15	80	0.041767229
15	24	0.126539491
15	164	0.000164153
15	116	0.007114932
16	178	0.005166833
16	71	0.028215273
16	55	0.0068199
16	47	0.029094158
16	136	0.012856745
16	50	0.034445109
16	217	0.000413045
16	67	0.014119394
16	40	0.037608385
16	19	0.245723144
16	99	0.029611906
16	61	0.054916344
16	21	0.042103521
16	100	0.013749383
16	89	0.016614966
16	37	0.111684514
16	46	0.081169765
16	17	0.141441496
16	172	0.000887315
16	78	0.012852308
16	25	0.093545141
16	85	0.005110045
16	181	0.010193914
16	30	0.228229293
16	84	0.008968089
16	76	0.029061771
16	87	0.022295998
16	213	0.002005331
16	31	0.037383451
16	95	0.00100932
16	27	0.094518969
16	44	0.050998406
16	54	0.048206027
16	102	0.002355377
16	32	0.036190013
16	18	0.286390103
16	23	0.168219763
16	36	0.061017963
16	70	0.048685621
16	29	0.217962619
16	51	0.066222063
16	39	0.07421588
16	233	0.000893969
16	241	0.00082609
16	103	0.015426852
16	34	0.014956575
16	68	0.002229378
16	65	0.006579881
16	64	0.03156666
16	56	0.15179557
16	33	0.027247213
16	20	0.165763233
16	53	0.060620446
16	94	0.030959294
16	41	0.118786136
16	73	0.046076916
16	75	0.032847943
16	60	0.060546355
16	26	0.069312136
16	49	0.018114971
16	86	0.017111418
16	62	0.020023585
16	195	0.00283985
16	35	0.019459253
16	22	0.062909274
16	42	0.047064053
16	111	0.022897597
16	80	0.029435331
16	24	0.133645106
16	90	0.013949473
17	110	0.031555125
17	48	0.0494425
17	140	0.006000465
17	71	0.061297467
17	142	0.037404303
17	47	0.045936277
17	136	0.030443764
17	151	0.024123866
17	141	0.029902502
17	50	0.109638366
17	156	0.024827062
17	67	0.074050396
17	40	0.060815655
17	19	0.144573273
17	99	0.021360768
17	61	0.025162024
17	21	0.111783449
17	100	0.042902992
17	118	0.040676719
17	138	0.039231284
17	157	0.023137615
17	89	0.023067074
17	105	0.030746338
17	327	0.008096746
17	37	0.122510639
17	46	0.146309304
17	81	0.024398933
17	128	0.025198847
17	172	0.004945004
17	78	0.055882186
17	25	0.11791923
17	85	0.039108391
17	181	0.001277733
17	149	0.042170513
17	30	0.078110748
17	126	0.023205051
17	127	0.044651001
17	119	0.023987663
17	84	0.061462951
17	76	0.05523977
17	87	0.051728666
17	38	0.024303547
17	95	0.024179323
17	106	0.030678902
17	27	0.064986477
17	91	0.015960571
17	44	0.084221239
17	83	0.024489883
17	92	0.023968586
17	54	0.059122215
17	28	0.06593546
17	137	0.028833731
17	102	0.098888106
17	77	0.023735665
17	32	0.089012295
17	18	0.131062577
17	93	0.039030751
17	23	0.02413052
17	36	0.077852983
17	70	0.055621315
17	29	0.043608407
17	51	0.105649443
17	173	0.002307018
17	88	0.0228204
17	39	0.082740755
17	103	0.026388736
17	68	0.028482799
17	65	0.033575984
17	64	0.061134645
17	56	0.050987759
17	33	0.092427569
17	179	0.002307018
17	20	0.098307802
17	53	0.063324093
17	94	0.048001945
17	41	0.10213967
17	73	0.076506483
17	131	0.027296903
17	75	0.024245871
17	60	0.039744595
17	26	0.058827183
17	49	0.050436736
17	86	0.031311114
17	117	0.049650576
17	62	0.112864642
17	22	0.161840415
17	111	0.025008962
17	177	0.024290237
17	80	0.046956245
17	98	0.008141111
17	132	0.057450071
17	24	0.125291483
17	146	0.036592854
17	66	0.024134957
17	69	0.043971762
17	90	0.060201633
17	135	0.002307018
18	48	0.044309385
18	140	0.046530777
18	71	0.044370166
18	47	0.022041782
18	50	0.118544343
18	67	0.021985437
18	155	0.000415263
18	40	0.109298968
18	19	0.173111528
18	61	0.02229999
18	21	0.157741909
18	118	0.011740503
18	37	0.06919856
18	46	0.090117889
18	172	0.002640205
18	78	0.000376221
18	25	0.066575214
18	143	0.02071081
18	30	0.186037484
18	126	0.0019725
18	76	0.024279146
18	38	0.022809753
18	106	0.00062112
18	27	0.166904763
18	44	0.117007514
18	83	0.042272998
18	92	0.021023588
18	54	0.003061235
18	28	0.28258441
18	32	0.064791712
18	23	0.191873352
18	36	0.076963893
18	70	0.04977968
18	29	0.239989317
18	51	0.046919421
18	173	0.005402415
18	39	0.127748457
18	65	0.002645972
18	64	0.044275667
18	56	0.034678473
18	179	0.002579424
18	139	0.015676187
18	165	0.00013709
18	20	0.166078673
18	96	0.022630959
18	53	0.108321591
18	41	0.081097005
18	75	0.01064112
18	60	0.026521833
18	49	0.022185083
18	62	0.046483306
18	22	0.065261101
18	98	0.050021029
18	24	0.018316392
18	135	0.004703655
19	110	0.009652208
19	178	0.022263167
19	71	0.012834562
19	407	0.00560561
19	156	0.071475853
19	381	0.010376701
19	40	0.010916188
19	99	0.02912832
19	61	0.030756542
19	21	0.191478497
19	147	3.41616E-05
19	100	0.001504886
19	37	0.060816986
19	46	0.045069814
19	25	0.320836986
19	205	0.001140643
19	30	0.09829538
19	76	0.016171309
19	95	0.029815545
19	211	0.007442351
19	27	0.148222354
19	44	0.022116316
19	83	0.024037352
19	210	0.003496463
19	28	0.125403728
19	32	0.011049729
19	93	0.016111415
19	23	0.080653347
19	36	0.036154964
19	29	0.16465542
19	51	0.042295625
19	241	0.011140235
19	103	0.002107372
19	64	0.017039102
19	56	0.053694068
19	20	0.177388385
19	357	0.014370947
19	94	0.055247312
19	41	0.103393446
19	73	0.037252572
19	335	0.009441027
19	75	0.027750764
19	60	0.045126158
19	413	0.008218751
19	26	0.020233435
19	35	0.047587125
19	22	0.07896257
19	80	0.022768936
19	24	0.067438128
20	110	0.069564577
20	71	0.083228778
20	334	0.011981409
20	344	0.007780418
20	151	0.071354291
20	141	0.017948156
20	50	0.114298986
20	462	0.008163738
20	187	0.035808468
20	67	0.019387824
20	421	0.002971173
20	379	0.005095404
20	40	0.056982012
20	99	0.034174478
20	61	0.088726136
20	21	0.153432665
20	100	0.012364285
20	118	0.054033022
20	157	0.033952206
20	89	0.011392676
20	105	0.003682356
20	327	0.006359827
20	37	0.02989984
20	46	0.05581475
20	128	0.043894566
20	78	0.067830321
20	25	0.13942463
20	383	0.011543963
20	205	0.038076888
20	188	0.068183472
20	149	0.018398468
20	428	0.009976078
20	30	0.093263863
20	127	0.031665152
20	84	0.040084437
20	76	0.053410571
20	87	0.027271614
20	280	0.021480112
20	95	0.035886995
20	239	0.019724116
20	27	0.061491789
20	44	0.103120153
20	285	0.024839485
20	210	0.034174922
20	28	0.022788901
20	423	0.009196572
20	325	0.014287983
20	137	0.015140249
20	365	0.013697919
20	102	0.031071095
20	77	0.013021342
20	392	0.011507139
20	398	0.004126013
20	228	0.023242319
20	150	0.005580321
20	32	0.074211
20	93	0.094342393
20	23	0.029525393
20	36	0.022315962
20	336	0.012353194
20	70	0.067019759
20	29	0.064078754
20	51	0.083601007
20	88	0.023402922
20	39	0.040335547
20	65	0.003859818
20	64	0.062356921
20	56	0.047981537
20	373	0.013419746
20	53	0.093455522
20	94	0.044401222
20	322	0.013491618
20	41	0.079347664
20	73	0.05732984
20	131	0.038539622
20	75	0.076815268
20	60	0.025208164
20	26	0.069558809
20	117	0.03636792
20	238	7.98583E-06
20	190	0.040135457
20	62	0.059697195
20	460	0.008218751
20	42	0.039512119
20	80	0.080623179
20	132	0.033162496
20	24	0.109054513
20	146	0.018053746
20	281	0.00253417
20	90	0.020051535
21	48	0.022185083
21	140	0.00692904
21	71	0.148502302
21	47	0.022185083
21	50	0.162814242
21	156	0.024215259
21	67	0.064811233
21	40	0.187742459
21	61	0.147005402
21	100	0.001444548
21	37	0.206344122
21	46	0.077588563
21	128	0.008446348
21	25	0.000122893
21	30	0.100574447
21	76	0.017122953
21	280	0.00560561
21	38	0.044370166
21	95	0.010201012
21	44	0.062999336
21	83	0.166813813
21	92	0.04400548
21	54	0.065921263
21	28	0.035330205
21	77	0.022185083
21	32	0.066028628
21	23	0.165257907
21	70	0.18981212
21	29	0.075175067
21	51	0.009653983
21	39	0.022688191
21	241	0.000505769
21	68	0.000547029
21	64	0.159132774
21	56	0.058726473
21	216	0.000556346
21	53	0.230739506
21	41	0.118905923
21	73	0.012666416
21	75	0.044607523
21	60	0.026329286
21	49	0.022185083
21	238	0.005228058
21	62	0.101656084
21	195	0.024484115
21	22	0.022185083
21	80	0.016290209
21	24	0.120031482
21	90	0.001145079
22	48	0.071233616
22	55	0.076381815
22	47	0.021442401
22	121	0.076403554
22	72	0.169140796
22	224	0.030945097
22	147	0.066568559
22	374	0.013263135
22	321	0.013815488
22	81	0.040173168
22	237	0.0225511
22	85	0.014984525
22	246	0.028136746
22	63	0.02415714
22	112	0.032253886
22	170	0.049801863
22	74	0.108565159
22	200	0.032240576
22	158	0.047036547
22	194	0.038462426
22	31	0.038054705
22	27	0.068756233
22	186	0.059192757
22	253	7.98583E-05
22	174	0.052492201
22	28	0.126772411
22	97	0.00592948
22	32	0.10966188
22	145	0.066331203
22	34	0.108131706
22	68	0.053356001
22	65	0.024223688
22	52	0.074233183
22	33	0.192041942
22	226	0.024063972
22	159	0.065239362
22	109	0.0086735
22	168	0.026885632
22	57	0.092687552
22	26	0.115265715
22	49	0.048757937
22	125	0.016193491
22	35	0.092118339
22	43	0.090954626
22	42	0.100425379
22	220	0.047329361
22	66	0.032071099
22	69	0.032342617
22	305	0.024010733
23	48	0.022185083
23	50	0.042907872
23	67	0.043425176
23	40	0.161115479
23	61	0.012085225
23	105	0.008077668
23	37	0.186887531
23	46	0.100987936
23	78	0.034105711
23	25	0.079818384
23	85	0.027000983
23	30	0.126974719
23	126	0.012105189
23	84	0.035513879
23	38	0.043481964
23	91	0.024630079
23	44	0.17084932
23	83	0.066372906
23	92	0.043074687
23	102	0.007293282
23	77	0.022048437
23	32	0.361168096
23	70	0.042875041
23	29	0.057521943
23	51	0.039981065
23	115	0.015514252
23	88	0.026533368
23	34	0.048958914
23	65	0.126001778
23	165	0.079852102
23	53	0.061136419
23	41	0.064761987
23	60	0.065401297
23	26	0.037501908
23	117	0.032695325
23	62	0.120191642
23	35	0.017343007
23	193	0.01917753
23	111	0.023334599
23	132	0.012271117
23	24	0.066153296
24	48	0.022185083
24	140	0.021476562
24	340	0.008707662
24	47	0.022185083
24	50	0.063715843
24	67	0.043670962
24	40	0.085412903
24	37	0.047249059
24	46	0.077777117
24	172	0.005462309
24	25	0.06150288
24	143	0.037983276
24	30	0.258344306
24	133	0.018946385
24	38	0.001907726
24	27	0.070028643
24	44	0.022181534
24	83	0.044370166
24	54	0.081778462
24	28	0.148010286
24	32	0.022185083
24	36	0.064429244
24	70	0.027442422
24	29	0.188879109
24	51	0.011052391
24	173	0.005521315
24	39	0.124683672
24	56	0.106158762
24	179	0.004130449
24	96	0.025911361
24	53	0.049658118
24	41	0.07233566
24	60	0.008547501
24	49	0.022185083
24	62	0.022091028
24	111	0.005432584
24	98	0.085453719
24	135	0.00461093
25	178	0.001231149
25	71	0.018352328
25	50	0.064366688
25	40	0.01091042
25	122	6.87669E-05
25	99	0.011090545
25	61	0.015807953
25	100	0.014704134
25	89	0.016717894
25	37	0.048431405
25	46	0.071983397
25	128	0.013105637
25	78	0.015237854
25	85	0.009055933
25	30	0.043597759
25	84	0.001930797
25	76	0.018721451
25	87	0.011579012
25	95	0.023662462
25	106	0.021717025
25	44	0.020119858
25	54	0.0094499
25	28	0.051050758
25	32	0.026323075
25	36	0.066959865
25	70	0.012711225
25	29	0.163907414
25	51	0.054389723
25	39	0.027048454
25	241	0.001231149
25	65	0.020068394
25	64	0.034209527
25	56	0.031235248
25	139	1.10914E-05
25	53	0.077032217
25	94	0.011077679
25	41	0.07650249
25	75	0.017695715
25	238	0.004612705
25	62	0.011515125
25	80	0.015512477
25	90	0.016067936
26	48	0.08483393
26	47	0.022154471
26	40	0.044248604
26	72	0.006100288
26	63	0.022118535
26	31	0.03719401
26	38	0.00054348
26	27	0.053647484
26	253	0.000718725
26	28	0.052868422
26	32	0.022185083
26	36	0.000787935
26	39	0.022185083
26	34	0.307396388
26	58	5.10206E-05
26	33	0.08842223
26	49	0.022124302
26	35	0.302118641
26	43	0.246014626
26	42	6.74359E-05
26	69	0.067360488
27	110	0.018681521
27	71	0.027668687
27	47	0.009057707
27	50	0.050246851
27	187	0.018655789
27	67	0.018234315
27	421	0.000728929
27	379	0.001264423
27	40	0.019986761
27	99	0.03220952
27	61	0.024551108
27	100	0.03220952
27	157	0.018655789
27	89	0.03220952
27	37	0.041603963
27	46	0.028277829
27	128	0.018681521
27	78	0.024369652
27	30	0.052466912
27	74	3.41616E-05
27	76	0.018756056
27	87	0.031291149
27	95	0.022096795
27	44	0.0323648
27	54	0.03220952
27	28	0.088134297
27	97	0.035145644
27	32	0.015992958
27	93	0.018655789
27	36	0.002962743
27	70	0.03220952
27	29	0.10606515
27	51	0.011953902
27	39	0.036563573
27	34	0.064441666
27	64	0.031048469
27	33	0.022555981
27	53	0.03220952
27	94	0.029126102
27	41	0.055721582
27	73	0.021341247
27	131	0.018681521
27	75	0.024061754
27	60	0.000411714
27	86	0.03205424
27	190	0.018642923
27	62	0.017681962
27	35	0.020904688
27	177	0.018655789
27	80	0.021196615
27	90	0.021793777
28	71	0.018742303
28	55	0.072782423
28	50	0.015122059
28	99	0.052466912
28	61	0.124842502
28	37	0.023713039
28	30	0.3430234
28	97	0.128395309
28	29	0.197110283
28	39	0.033780067
28	34	0.151717486
28	52	0.02619752
28	64	0.008041289
28	56	0.139057725
28	53	0.011268452
28	41	0.028256977
28	75	0.107521233
28	60	0.065403959
28	35	0.045613738
28	80	0.062592503
29	340	0.001129551
29	50	0.027788031
29	40	0.020889604
29	37	0.039400317
29	181	0.002264427
29	143	0.10905895
29	30	0.00022316
29	54	0.048323597
29	36	0.025037356
29	39	0.069391551
29	41	0.063755328
29	60	0.051918108
29	195	0.001765312
29	111	0.006562135
29	98	0.02412076
30	140	0.047063166
30	340	0.000127773
30	50	0.055382628
30	40	0.022185083
30	37	0.044826246
30	143	0.017851439
30	133	0.018946385
30	44	0.02775875
30	83	0.06406367
30	54	0.140807953
30	32	0.008748922
30	36	0.019818615
30	70	9.09497E-05
30	51	0.004571445
30	39	0.044278773
30	103	0.004567896
30	53	9.09497E-05
30	41	0.046965562
30	111	0.006767992
30	98	0.016149126
31	59	0.01177289
31	101	0.347431136
31	290	0.029465499
31	82	0.523571069
31	79	0.66113145
31	204	0.053951389
31	196	0.062832521
31	34	0.020630064
31	58	0.839226137
31	52	0.021589251
31	33	0.049363086
31	35	0.027173122
31	43	0.021224565
31	42	0.020134943
32	48	0.064155064
32	47	0.028916695
32	40	0.082076156
32	105	0.007780418
32	37	0.028697529
32	81	0.022972575
32	359	0.00417659
32	85	0.018083915
32	461	0.008210322
32	454	0.00417659
32	339	0.001099826
32	194	5.67881E-05
32	38	0.010815478
32	408	0.001099826
32	91	0.010039521
32	44	0.03504449
32	77	0.00477952
32	163	0.000952532
32	36	0.057106236
32	332	0.01307813
32	70	0.022185083
32	51	0.066395977
32	39	0.035102165
32	103	0.002732929
32	34	0.044248604
32	68	0.114499519
32	65	0.023990325
32	33	0.022185083
32	53	0.022185083
32	41	0.022185083
32	60	0.000521741
32	49	0.024521826
32	124	0.01005638
32	35	0.022185083
32	43	0.022185083
32	42	6.74359E-05
32	66	0.060953632
32	116	0.000733366
33	48	0.022185083
33	209	0.00703463
33	55	0.037882566
33	121	0.001681461
33	72	0.110735974
33	59	0.06420431
33	144	0.045946481
33	112	0.008280863
33	74	0.141638923
33	158	5.67881E-05
33	253	0.006388665
33	306	0.023744539
33	160	0.057803222
33	34	0.224221736
33	52	0.064140867
33	307	0.023638061
33	314	0.010932603
33	159	0.010932603
33	109	0.013522674
33	242	0.007412182
33	197	0.058559658
33	57	0.07860232
33	35	0.221445773
33	43	0.142925086
33	42	0.06069498
33	69	0.00719834
34	48	0.043046737
34	40	0.022158464
34	72	0.022185083
34	59	0.280960181
34	74	0.02214826
34	38	0.00230968
34	82	0.011442809
34	97	0.058647946
34	39	0.022124302
34	58	0.020382504
34	52	0.27097523
34	242	0.000115351
34	57	0.135104739
34	35	3.41616E-05
34	43	0.000115351
34	42	0.261657539
35	47	0.05325396
35	72	0.013842108
35	59	0.17550994
35	253	0.000159717
35	58	0.023503189
35	52	0.176839581
35	109	0.004644205
35	57	0.124700088
35	125	0.017768475
35	42	0.293738398
35	69	0.015066602
36	208	0.018308849
36	167	0.00345609
36	47	0.03220952
36	67	0.049790328
36	40	0.053794335
36	122	0.041796954
36	138	0.024942413
36	37	0.036883893
36	46	0.034395863
36	85	0.017590125
36	149	0.018205477
36	219	0.019724116
36	382	0.012240505
36	133	0.050801423
36	84	0.015381155
36	87	0.026807992
36	223	1.46407E-05
36	106	0.040656311
36	91	0.024179323
36	44	0.061212728
36	92	0.046086676
36	54	0.031109693
36	301	0.008218308
36	102	0.013326134
36	180	0.019755616
36	77	0.058079621
36	275	0.00062955
36	161	0.027212608
36	51	0.06619988
36	115	0.00752709
36	189	0.018487643
36	130	0.028760084
36	412	0.010794182
36	88	0.002382883
36	39	0.06123358
36	68	0.057381748
36	65	0.021516935
36	300	0.018498291
36	56	0.003043489
36	179	0.014188604
36	424	0.00951778
36	96	0.02930667
36	41	0.040160746
36	60	0.00062112
36	49	0.03572861
36	62	0.044958456
36	124	0.03046151
36	129	0.028818647
36	193	0.00724448
36	98	0.020211696
36	146	0.013656659
36	66	0.03175344
36	278	0.018319497
36	90	0.036275195
36	135	0.057009963
36	116	0.045438049
37	110	0.014918864
37	71	0.024893611
37	50	0.041541851
37	40	0.109417425
37	99	0.007245367
37	61	0.03298592
37	46	0.028316871
37	128	0.014084345
37	78	0.021739651
37	127	0.000467615
37	84	0.026688205
37	87	0.009961437
37	95	0.019307966
37	44	0.034133218
37	83	0.012715662
37	54	4.43657E-05
37	102	0.012742281
37	93	0.015375831
37	70	0.030063549
37	51	0.045583569
37	88	0.019065729
37	39	0.01582215
37	103	0.00046584
37	64	0.013545301
37	56	0.00710739
37	53	0.035906072
37	94	0.004107823
37	41	0.028007198
37	73	0.019292881
37	75	0.01773387
37	60	0.039233946
37	86	0.00023292
37	62	0.026465932
37	111	0.004005338
37	80	0.023150038
37	90	0.009880692
38	48	0.044293414
38	47	0.233443597
38	67	0.044241949
38	40	0.144034673
38	120	0.108148565
38	45	0.566176366
38	63	0.073259355
38	123	0.169879485
38	92	0.086782917
38	77	0.022048437
38	107	0.039299163
38	39	0.401201956
38	68	0.074869387
38	49	0.237132607
38	66	0.075817483
39	67	0.138646898
39	40	0.063580527
39	45	0.13239
39	44	0.022168224
39	54	0.022114985
39	77	0.00988779
39	96	0.004442341
39	129	0.010039521
40	47	0.042688705
40	50	0.042425173
40	67	0.058404378
40	46	0.039355508
40	289	7.80837E-05
40	44	0.011381141
40	83	0.043032983
40	54	0.063927911
40	77	0.004678366
40	70	0.044121275
40	51	0.01096011
40	68	0.000617571
40	52	0.022185083
40	56	0.027959283
40	53	0.043458451
40	41	0.104597532
40	49	0.022185083
40	146	0.007485386
40	66	0.01019347
41	47	0.02209369
41	136	0.002136654
41	50	0.018500066
41	89	0.007165065
41	46	0.012738288
41	76	0.004048373
41	87	0.004968962
41	95	0.004013324
41	54	0.010108288
41	51	0.011073686
41	295	3.77109E-05
41	64	0.007386894
41	49	0.022124302
42	121	6.74359E-05
42	58	0.020079929
42	52	2.30702E-05
42	43	0.118535913
43	209	0.008824344
43	72	0.016339898
43	59	0.202455909
43	253	0.000239575
43	68	6.83232E-05
43	52	0.260060817
43	109	0.003970733
43	242	0.000115351
43	49	6.74359E-05
43	62	2.75068E-05
44	46	0.00085404
44	78	0.000476932
44	127	0.001598941
44	54	0.021197502
44	51	0.011093207
44	165	0.041633688
44	60	0.049166545
44	62	2.75068E-05
44	111	0.020425982
44	132	0.000128217
45	48	0.130852727
45	113	0.145813295
45	47	0.246366003
45	63	0.111829589
45	104	0.148880741
45	77	0.139684613
45	107	0.122708954
45	68	0.127310567
45	49	0.279282713
45	66	0.16523528
46	50	0.029591942
46	78	3.1056E-05
46	84	0.003826988
46	51	0.012801731
46	60	0.00831325
47	63	0.080473223
47	123	0.01976582
47	104	0.041632357
47	107	0.036332427
47	49	0.008631796
48	499	0.006178372
48	113	0.040143443
48	498	0.005858495
48	81	0.011427725
48	375	0.00791529
48	212	0.003279515
48	63	0.109151674
48	269	0.0188754
48	494	0.006937469
48	253	0.000239575
48	104	0.038672719
48	107	0.030449088
48	68	0.004472066
48	369	0.012913977
48	338	0.000221829
48	466	0.007898431
48	69	0.055031251
49	63	0.079085463
49	123	0.041052497
49	253	0.00143745
50	71	0.001470724
50	61	0.015372725
50	51	0.016569713
50	56	0.050663445
50	75	0.009405978
50	80	0.006338975
51	142	0.030047578
51	182	0.013868727
51	78	0.00631768
51	85	0.016809288
51	422	0.007063911
51	126	0.008041732
51	119	0.015272459
51	84	0.022302209
51	253	0.00015528
51	137	0.004686796
51	191	0.007729841
51	273	0.005909072
51	115	0.00647784
51	227	0.007598962
51	88	0.040377251
51	65	0.036127901
51	293	0.00467393
51	60	0.007453443
51	62	0.004943673
52	158	2.83941E-05
53	178	0.009515118
53	71	0.009027982
53	211	0.001470724
53	83	0.081446607
53	241	0.007259121
54	67	0.022154471
54	234	0.000902843
54	83	0.022185083
54	64	0.044127042
54	98	0.004442341
55	221	0.062673692
55	247	0.029511196
55	312	0.00807545
55	169	0.073779765
55	385	0.007181481
55	249	0.025999649
55	232	0.027284037
55	261	0.038245477
55	449	0.001666377
55	215	0.070203443
55	108	0.221533617
55	299	0.00247827
55	286	0.023233002
55	114	0.06501709
55	415	0.002204977
55	184	0.036658959
55	192	0.036255674
55	329	0.003650856
55	330	0.01807726
56	140	0.010860731
56	83	0.022185083
56	98	0.008649543
57	72	0.060873774
57	246	0.0184872
58	101	0.036908738
58	82	0.042999709
58	79	0.034815563
58	204	0.015246727
58	196	0.015512921
60	140	0.025687758
60	143	0.004064788
61	71	0.033232594
61	187	0.001001335
61	95	0.000349602
61	93	1.64153E-05
61	75	0.000631768
61	80	0.000864688
62	67	0.04101035
62	78	3.77109E-05
62	102	0.00475645
63	253	0.000559008
63	104	0.021104778
63	107	0.022080824
64	139	0.006865153
64	73	0.006853618
65	253	0.00015528
66	81	0.005252902
66	68	0.032428687
67	106	0.002894864
68	81	0.003889987
70	71	0.009027982
71	110	0.00576577
71	178	0.00016016
71	187	0.001321211
71	156	0.003004891
71	99	0.00758654
71	95	0.009112277
71	83	0.01715534
71	380	8.42949E-05
71	93	0.006899315
71	94	0.009027982
71	75	0.013691264
71	378	0.007670835
71	80	0.009155312
72	121	0.002842956
72	74	0.080720783
72	186	0.024645607
72	253	0.000319433
72	222	0.02230842
72	145	0.001206748
72	226	0.014615846
72	220	0.00027906
74	170	0.00253772
74	158	0.00440108
74	253	0.000319433
74	437	0.002573212
75	187	1.64153E-05
75	95	0.006435693
75	80	0.023185087
76	103	0.000321652
80	187	0.000328306
80	205	0.000673028
80	95	0.000661493
80	210	0.00020497
82	101	0.008266666
82	204	0.002462298
82	196	0.000689443
84	126	0.003523526
85	253	0.000150843
85	88	1.24224E-05
86	176	7.98583E-05
87	136	0.002537276
87	100	0.000199646
88	142	0.000122006
88	253	0.000153062
88	191	0.000456523
89	176	3.99292E-05
92	189	0.006016437
93	110	0.002358482
93	285	0.000795921
93	190	0.00048403
94	156	0.001312338
95	140	8.42949E-05
95	217	0.004963194
95	241	0.001213846
96	98	0.004442341
99	419	0.004998687
101	196	0.001772855
103	140	0.016291096
104	253	0.000399292
105	253	0.00015528
106	189	0.003023968
107	253	0.000399292
108	229	0.036983716
108	355	0.008545283
108	299	0.007922832
108	350	0.000868237
108	487	0.000598937
108	492	6.92105E-05
108	488	0.000598937
108	354	0.009491604
108	329	0.000622895
110	187	0.00049246
110	230	0.015235192
110	195	0.015235192
112	447	0.006455214
113	253	0.000319433
114	370	0.011514682
114	362	0.013928177
114	256	0.020370968
114	475	0.004979166
114	148	0.027822636
114	259	0.018568833
114	317	0.002427693
114	203	0.053755293
114	265	0.018612755
115	152	0.001619349
118	433	0.005354944
119	142	3.77109E-05
119	182	0.002351827
119	422	1.24224E-05
121	237	0.000308785
121	170	0.004192561
121	376	0.000837625
121	158	0.008549276
121	194	0.009466759
121	253	0.000239575
121	431	0.00531324
121	430	0.005135777
121	145	0.004816344
121	473	0.004177477
121	463	0.004645979
123	253	0.00047915
124	253	7.54217E-05
126	273	0.000362468
131	157	3.28306E-05
135	179	0.009314585
137	422	0.000419256
140	217	6.74359E-05
140	241	7.58654E-05
140	216	0.001196987
142	227	8.42949E-06
143	340	0.004579874
144	253	0.000319433
145	170	0.019873629
145	158	0.006899758
145	194	0.000901512
147	224	0.019603885
148	331	0.008137118
148	386	0.008488051
148	326	0.006326109
148	451	0.007783524
148	467	0.0078971
148	203	0.022316406
148	266	0.01846901
152	155	0.004977835
153	253	0.00015528
155	199	0.004917497
156	216	0.024724578
156	195	0.000498671
158	170	0.0165706
158	194	0.030803126
158	253	0.000159717
159	253	0.000319433
159	314	0.010932603
164	273	0.000362468
165	340	0.001053686
165	390	0.003991141
165	216	0.003914388
165	195	0.016634487
166	253	0.00015528
169	312	0.000830083
169	449	0.000833188
169	440	0.001402401
169	395	0.004344292
169	471	0.004037725
169	434	0.001353598
169	453	0.002375785
169	491	0.002707197
169	450	0.002795041
169	441	0.00461448
169	448	0.001296367
169	442	0.003309683
169	410	0.005461865
170	194	0.005703658
171	358	0.002933906
171	253	0.00015528
171	320	0.001138868
172	173	0.000668592
178	217	0.000188554
178	366	0.007732059
178	211	0.052853338
178	241	0.004912174
180	275	0.014534213
182	227	3.99292E-06
184	348	0.003878452
184	361	0.005479611
184	401	0.003934353
184	436	0.001307014
184	192	0.01912163
184	400	0.006947673
184	417	0.001770636
184	347	0.008297722
184	435	0.004101168
184	329	0.001329641
184	443	0.002636655
184	446	0.003367803
184	353	0.006698782
186	226	0.019466351
187	205	0.000467615
187	210	0.000344722
189	382	0.000358475
190	433	0.002179688
191	264	9.76046E-06
191	253	0.00015528
192	486	0.002760436
192	496	0.002703648
192	497	0.003370908
192	404	0.002368243
192	455	0.002881998
192	487	0.002308793
192	393	0.005837643
192	396	0.006682366
192	488	0.000728485
192	394	0.005961867
192	444	0.005972515
193	318	0.012129147
195	340	0.000345609
195	390	0.007828777
195	230	3.81545E-05
195	216	0.023831495
196	204	0.01192329
198	253	0.00015528
198	391	0.002913941
205	210	7.98583E-06
207	253	0.00015528
207	405	0.005505787
208	223	0.014480974
209	367	0.008824344
209	242	0.008684592
211	241	0.006531079
212	269	0.001645525
216	217	0.00330436
216	241	0.00120941
216	230	0.010208111
217	241	0.001347387
217	281	0.029931783
221	247	0.000113576
222	248	0.01937274
223	278	0.015576364
224	253	0.000159717
226	253	0.000239575
227	274	0.019406014
227	422	0.001846058
229	414	0.005712975
229	483	0.00417659
229	482	0.002724943
232	247	0.007813249
237	376	0.00114641
241	366	0.005937466
243	253	7.54217E-05
244	253	0.000559008
245	253	0.000359362
249	265	0.018612755
253	257	0.000399292
253	287	7.54217E-05
253	343	0.000239575
253	279	0.000385982
253	283	0.000385982
256	370	0.002002225
256	317	0.018383827
259	475	0.002822991
259	266	0.01846901
260	298	0.001603821
262	323	0.009133573
262	346	0.007670391
267	270	0.000822097
267	287	0.00041482
267	406	0.011004032
269	328	0.000686781
270	320	0.005716968
270	405	0.005505787
271	293	0.014496059
275	424	0.00062955
284	342	0.015891361
286	484	0.000276842
286	349	0.007687694
287	358	0.006335426
287	320	0.004246244
291	481	0.003616694
291	308	0.004337194
291	303	0.015510259
291	479	0.003886438
297	364	0.013711672
299	402	0.004027965
299	401	3.46053E-05
299	350	0.004965412
299	492	0.0030812
299	354	0.000868237
303	308	0.003290163
312	395	0.004981828
312	415	0.000686781
312	450	0.000984032
313	422	0.000422362
320	358	0.000422362
321	416	0.000813224
321	429	0.001635321
321	445	0.001399295
323	346	0.002436122
325	334	0.004976504
326	331	0.00904706
326	386	0.00361492
327	336	0.004480051
329	348	0.000127773
329	401	0.000808344
329	415	0.000686781
329	417	0.005157516
329	432	0.004896202
329	446	0.000970722
331	451	0.000750224
334	392	0.000266194
335	407	0.005369584
335	381	0.002326539
339	359	0.00417659
339	363	0.002604712
341	465	0.007991155
344	478	0.002351827
344	411	0.005428591
345	445	0.006444122
347	361	0.007071897
348	352	0.007393105
348	401	0.002948103
348	435	0.000694324
349	484	0.00389886
349	495	0.003416161
350	402	0.006103393
350	492	0.000184561
352	353	0.007393105
353	436	0.000694324
354	402	0.000463178
354	492	0.003196551
359	363	0.005647757
360	493	0.00698361
361	443	0.001388647
369	498	0.000708077
371	389	3.99292E-06
372	422	0.000419256
372	426	0.005032405
376	403	0.001378
377	439	0.006212089
378	419	0.005403302
379	421	0.006578994
380	413	0.00246984
383	428	2.08519E-05
383	423	0.000969391
384	456	0.004235596
388	391	0.005980057
389	456	0.004071443
391	463	0.002913941
393	404	0.004555029
393	487	0.000102485
393	394	0.001180128
394	496	0.000667261
394	404	0.003815453
395	450	0.00209495
396	455	0.002165048
396	482	0.002100274
400	436	0.001220058
400	443	0.003088298
401	417	0.003506224
402	492	0.000578973
404	486	0.000379327
408	454	0.00417659
409	434	0.005461865
409	410	0.005461865
411	478	0.005424154
414	483	0.002795041
414	482	0.002177914
415	449	0.001874452
415	490	0.002948103
415	491	0.000865575
420	459	0.003026186
430	463	0.000184561
432	446	0.004896202
434	471	0.002858484
435	436	0.004795492
436	443	0.001366021
438	464	0.004724507
440	441	0.003309683
440	442	0.00461448
441	442	0.001402401
444	455	0.003285282
448	453	0.004396644
449	490	0.000624669
479	481	0.003886438
482	483	0.000654838
484	495	0.003416161
486	487	0.001327423
486	488	0.003010215
487	488	0.003139763
490	491	0.003572772
496	497	0.003370908